function rho=antena()
%esta funcion almacena y retorna los valores de la ganancia de la
%antena en la variable rho.
valores=[0.0 0.0
1.0 0.0
2.0 0.0
3.0 0.0
4.0 0.0
5.0 0.1
6.0 0.1
7.0 0.1
8.0 0.2
9.0 0.2
10.0 0.3
11.0 0.3
12.0 0.4
13.0 0.5
14.0 0.6
15.0 0.7
16.0 0.8
17.0 0.9
18.0 1.0
19.0 1.1
20.0 1.2
21.0 1.3
22.0 1.4
23.0 1.6
24.0 1.7
25.0 1.9
26.0 2.0
27.0 2.2
28.0 2.3
29.0 2.5
30.0 2.7
31.0 2.9
32.0 3.0
33.0 3.2
34.0 3.4
35.0 3.6
36.0 3.8
37.0 4.0
38.0 4.2
39.0 4.5
40.0 4.7
41.0 4.9
42.0 5.2
43.0 5.4
44.0 5.6
45.0 5.9
46.0 6.1
47.0 6.4
48.0 6.7
49.0 6.9
50.0 7.2
51.0 7.5
52.0 7.8
53.0 8.0
54.0 8.3
55.0 8.6
56.0 8.9
57.0 9.2
58.0 9.5
59.0 9.8
60.0 10.1
61.0 10.4
62.0 10.7
63.0 11.0
64.0 11.4
65.0 11.7
66.0 12.0
67.0 12.3
68.0 12.6
69.0 13.0
70.0 13.3
71.0 13.6
72.0 14.0
73.0 14.3
74.0 14.6
75.0 15.0
76.0 15.3
77.0 15.7
78.0 16.0
79.0 16.4
80.0 16.7
81.0 17.1
82.0 17.4
83.0 17.8
84.0 18.1
85.0 18.5
86.0 18.8
87.0 19.2
88.0 19.5
89.0 19.9
90.0 20.2
91.0 20.6
92.0 20.9
93.0 21.2
94.0 21.6
95.0 21.9
96.0 22.3
97.0 22.6
98.0 22.9
99.0 23.2
100.0 23.5
101.0 23.8
102.0 24.1
103.0 24.4
104.0 24.7
105.0 25.0
106.0 25.3
107.0 25.5
108.0 25.8
109.0 26.1
110.0 26.3
111.0 26.6
112.0 26.8
113.0 27.1
114.0 27.3
115.0 27.6
116.0 27.8
117.0 28.1
118.0 28.3
119.0 28.6
120.0 28.8
121.0 29.1
122.0 29.3
123.0 29.5
124.0 29.8
125.0 30.0
126.0 30.3
127.0 30.5
128.0 30.7
129.0 31.0
130.0 31.2
131.0 31.5
132.0 31.7
133.0 32.0
134.0 32.3
135.0 32.5
136.0 32.8
137.0 33.0
138.0 33.3
139.0 33.6
140.0 33.9
141.0 34.2
142.0 34.5
143.0 34.8
144.0 35.1
145.0 35.5
146.0 35.8
147.0 36.1
148.0 36.5
149.0 36.9
150.0 37.2
151.0 37.6
152.0 37.9
153.0 38.3
154.0 38.5
155.0 38.8
156.0 38.9
157.0 39.0
158.0 39.1
159.0 39.1
160.0 39.0
161.0 38.9
162.0 38.7
163.0 38.5
164.0 38.3
165.0 38.0
166.0 37.8
167.0 37.6
168.0 37.3
169.0 37.1
170.0 36.9
171.0 36.8
172.0 36.7
173.0 36.6
174.0 36.6
175.0 36.6
176.0 36.6
177.0 36.7
178.0 36.8
179.0 37.0
180.0 37.2
181.0 37.4
182.0 37.7
183.0 38.1
184.0 38.5
185.0 39.0
186.0 39.5
187.0 40.2
188.0 40.9
189.0 41.8
190.0 42.8
191.0 44.0
192.0 45.4
193.0 47.1
194.0 49.0
195.0 51.1
196.0 52.4
197.0 51.9
198.0 49.9
199.0 47.6
200.0 45.6
201.0 43.8
202.0 42.4
203.0 41.1
204.0 40.0
205.0 39.1
206.0 38.2
207.0 37.5
208.0 36.8
209.0 36.2
210.0 35.7
211.0 35.2
212.0 34.8
213.0 34.4
214.0 34.0
215.0 33.8
216.0 33.5
217.0 33.3
218.0 33.1
219.0 32.9
220.0 32.8
221.0 32.7
222.0 32.6
223.0 32.5
224.0 32.4
225.0 32.3
226.0 32.2
227.0 32.2
228.0 32.0
229.0 31.9
230.0 31.8
231.0 31.6
232.0 31.4
233.0 31.2
234.0 31.0
235.0 30.8
236.0 30.5
237.0 30.3
238.0 30.0
239.0 29.7
240.0 29.4
241.0 29.0
242.0 28.7
243.0 28.3
244.0 28.0
245.0 27.7
246.0 27.3
247.0 26.9
248.0 26.6
249.0 26.2
250.0 25.9
251.0 25.5
252.0 25.2
253.0 24.9
254.0 24.5
255.0 24.2
256.0 23.9
257.0 23.6
258.0 23.2
259.0 22.9
260.0 22.6
261.0 22.3
262.0 22.0
263.0 21.8
264.0 21.5
265.0 21.2
266.0 20.9
267.0 20.6
268.0 20.3
269.0 20.0
270.0 19.7
271.0 19.4
272.0 19.2
273.0 18.9
274.0 18.6
275.0 18.3
276.0 18.0
277.0 17.7
278.0 17.4
279.0 17.0
280.0 16.7
281.0 16.4
282.0 16.1
283.0 15.8
284.0 15.5
285.0 15.2
286.0 14.8
287.0 14.5
288.0 14.2
289.0 13.9
290.0 13.5
291.0 13.2
292.0 12.9
293.0 12.6
294.0 12.3
295.0 12.0
296.0 11.6
297.0 11.3
298.0 11.0
299.0 10.7
300.0 10.4
301.0 10.1
302.0 9.8
303.0 9.5
304.0 9.2
305.0 8.9
306.0 8.6
307.0 8.3
308.0 8.1
309.0 7.8
310.0 7.5
311.0 7.2
312.0 7.0
313.0 6.7
314.0 6.5
315.0 6.2
316.0 5.9
317.0 5.7
318.0 5.5
319.0 5.2
320.0 5.0
321.0 4.8
322.0 4.5
323.0 4.3
324.0 4.1
325.0 3.9
326.0 3.7
327.0 3.5
328.0 3.3
329.0 3.1
330.0 2.9
331.0 2.7
332.0 2.5
333.0 2.4
334.0 2.2
335.0 2.0
336.0 1.9
337.0 1.7
338.0 1.6
339.0 1.5
340.0 1.3
341.0 1.2
342.0 1.1
343.0 1.0
344.0 0.9
345.0 0.8
346.0 0.7
347.0 0.6
348.0 0.5
349.0 0.4
350.0 0.3
351.0 0.3
352.0 0.2
353.0 0.2
354.0 0.1
355.0 0.1
356.0 0.1
357.0 0.0
358.0 0.0
359.0 0.0
360.0 0.0];
rho=15.85+2.15-valores(:,2);